3.818599104881286621e+00
3.313596129417419434e+00
2.729098844528198065e+00
2.279013172785441022e+00
1.963859732945760106e+00
1.688598191738128751e+00
1.469156241416931241e+00
1.285434357325236032e+00
1.162070763111114458e+00
1.075201368331909269e+00
9.734185318152109856e-01
9.085860113302867136e-01
8.350184480349223115e-01
7.877496182918548584e-01
7.652626355489094978e-01
7.294734279314677439e-01
6.955794314543406465e-01
6.579271356264749793e-01
6.383652706940968757e-01
6.028290887673696252e-01
5.764249950647354348e-01
5.532795498768489084e-01
5.296045402685801706e-01
5.333304633696873687e-01
5.225900719563166819e-01
5.161259790261586433e-01
5.053216447432835601e-01
4.776573965946833145e-01
4.664531459410985459e-01
4.522115210692087550e-01
4.621635625759760724e-01
4.470330615838368771e-01
4.274086227019627815e-01
4.336130628983179691e-01
4.214638421932856427e-01
4.084126035372416252e-01
3.906845907370249393e-01
4.029477089643478394e-01
3.843375662962595363e-01
3.636305401722589870e-01
3.646067579587300433e-01
3.602691153685251835e-01
3.618237584829330222e-01
3.608390698830286625e-01
3.653374731540680043e-01
3.508139163255691306e-01
3.336274266242981179e-01
3.281949033339818245e-01
3.415576686461766487e-01
3.360953768094380734e-01
3.206465005874633567e-01
3.083809668819109673e-01
3.026782820622126446e-01
2.997987315058708302e-01
2.989420771598815807e-01
3.120318477352460040e-01
3.086621801058451187e-01
3.233291685581207164e-01
3.176364372173944850e-01
3.030868788560231453e-01
2.882946232954661236e-01
2.732327088713645824e-01
2.790899465481440078e-01
2.794760942459106334e-01
2.592108016212781307e-01
2.581256255507469177e-01
2.701250821352004783e-01
2.880826219916343689e-01
2.698873807986577611e-01
2.644587690631548527e-01
2.646506930390993828e-01
2.470052778720855657e-01
2.512232874830563900e-01
2.409780358274777601e-01
2.279178559780120905e-01
2.341008747617403796e-01
2.386664971709251404e-01
2.353120778997739027e-01
2.231422682603200203e-01
2.300983871022860283e-01
2.194501638412475475e-01
2.302764962116877201e-01
2.338849753141403198e-01
2.375704914331436268e-01
2.211734642585118649e-01
2.226775810122489929e-01
2.166328748067219978e-01
2.110994537671407045e-01
2.078141629695892389e-01
2.154349625110626165e-01
2.121686677138010790e-01
2.063058604796727535e-01
1.952559391657511523e-01
2.024656901756922422e-01
1.946214874585469601e-01
1.811936676502227672e-01
1.863340968887011173e-01
1.889243796467781067e-01
1.780518561601638905e-01
1.711104651292165157e-01
1.755511884888013296e-01
1.798966571688652150e-01
1.714790264765421457e-01
1.724452560146649549e-01
1.707794850071271131e-01
1.707492853204409244e-01
1.726374944051106697e-01
1.762570783495903126e-01
1.985266913970311353e-01
1.980406860510508238e-01
1.850912650426228823e-01
1.841333876053492247e-01
1.888972714543342701e-01
2.275477762023608019e-01
2.092366610964139229e-01
1.958599890271822686e-01
1.884697953859965081e-01
1.930960883696873909e-01
2.567853977282841815e-01
2.140054772297541319e-01
1.870104412237803271e-01
1.837716485063234928e-01
1.765680889288584465e-01
1.625582625468572073e-01
1.556444178024927738e-01
1.628526660303274698e-01
1.799566807846228189e-01
1.604516143600145939e-01
1.606403015553951319e-01
1.647816660503546304e-01
1.582055221001307244e-01
1.496375717222690471e-01
1.524008090297380991e-01
1.827682780722777178e-01
1.859546447793642698e-01
1.667979578177134214e-01
1.568620863060156412e-01
1.520041239758332663e-01
1.393008500337600819e-01
1.374443198243776865e-01
1.356914862990379333e-01
1.302676046888033567e-01
1.283687946697076032e-01
1.317166795333226392e-01
1.221614524722099276e-01
1.140609035889307704e-01
1.150767239431540190e-01
1.172308854758739444e-01
1.418569132685661427e-01
1.506238281726837158e-01
1.602060685555140307e-01
1.649659966429074531e-01
1.343375993271668789e-01
1.350710151096184974e-01
1.242686005930105780e-01
1.191184237599372808e-01
1.179463302095731109e-01
1.269475487371285738e-01
1.188880125681559263e-01
1.147666407128175164e-01
1.123026932279268947e-01
1.364583946764469091e-01
1.542837344110012110e-01
1.368725568056106678e-01
1.428537306686242514e-01
1.306012481451034601e-01
1.282016995052496500e-01
1.722719674309094728e-01
1.486973506708939852e-01
1.337899749477704237e-01
1.279847914973894774e-01
1.178114463885625157e-01
1.092250923315683936e-01
1.091236310700575557e-01
1.114985061188538823e-01
1.069172593454519871e-01
9.976826856533686783e-02
9.736849715312322073e-02
9.509788913031419488e-02
1.078486268719037328e-01
1.342890540758768791e-01
1.244931717713673863e-01
1.425867237150669209e-01
1.375817003349463219e-01
1.358884185552597101e-01
1.223437793552875491e-01
1.089178750912348365e-01
1.172194605072339330e-01
1.038697066406408936e-01
1.053924801448980902e-01
9.653861609598000937e-02
9.708814670642217093e-02
9.789209216833114069e-02
1.070186309516429901e-01
9.352448607484499521e-02
9.404322654008864801e-02
1.097152094046274784e-01
1.177823421855767605e-01
1.106670292715231513e-01
1.109902791678905459e-01
1.228092362483342442e-01
1.181776799261569921e-01
1.216806707282861028e-01
1.068449474871158572e-01
9.689708501100539884e-02
8.949585159619649621e-02
9.459794287880261832e-02
9.273342726131279801e-02
8.776101879775524695e-02
8.583775485555331097e-02
8.387000039219856540e-02
8.334723946948846551e-02
8.325725446144739694e-02
9.084079538782437180e-02
8.130162147184212540e-02
7.164953475197156918e-02
7.241102096935113364e-02
7.502543975909550800e-02
8.046478492518266412e-02
7.026719612379868363e-02
7.555554484327633991e-02
7.947328090667724054e-02
8.159235579272111627e-02
1.120863176882267026e-01
9.658775726954142715e-02
1.044237126906712859e-01
9.500886748234431411e-02
1.007963125904401125e-01
8.704831463595232022e-02
7.936182829240957803e-02
8.489067082603772574e-02
8.282111672063668939e-02
8.367807803054651272e-02
7.291501164436339777e-02
7.286142719288667136e-02
7.384345370034377243e-02
7.014431357383728305e-02
7.812184865276018686e-02
7.513641715049743097e-02
8.600714119772116806e-02
7.996858432888984125e-02
7.804088816046714228e-02
7.819388334949811670e-02
6.691666481395562582e-02
7.112552536030609940e-02
7.855920344591141302e-02
8.430579217771688727e-02
8.943391057352224893e-02
9.231507728497187482e-02
1.064282000064849798e-01
1.101321724553902953e-01
9.893072533110777722e-02
1.020966066668431010e-01
1.187906302511692047e-01
1.220347988108793913e-01
9.559464206298191880e-02
9.250064392884572995e-02
9.498564029733340408e-02
7.759809382259845456e-02
8.451614466806252335e-02
8.281868969400724145e-02
6.869848519563674649e-02
6.563429683446883600e-02
6.345295061667760583e-02
6.510709462066491260e-02
6.693193043271700171e-02
6.203636738161245889e-02
5.649307457109292024e-02
5.670060912768046246e-02
5.355159789323806624e-02
5.294018350541591922e-02
5.131627209484577318e-02
5.087727146844069070e-02
5.824049636721610745e-02
5.292315327872832570e-02
5.653983354568481445e-02
6.081427397827307568e-02
5.184191639224688258e-02
5.147582925856113156e-02
4.853235930204391479e-02
4.875965937972068925e-02
4.554689836998780661e-02
4.461176923165718899e-02
4.936479690174262053e-02
4.898244546105464531e-02
4.877497851848602156e-02
6.960230724265177582e-02
1.034904042879740416e-01
1.033840124805768396e-01
1.095153411229451562e-01
9.899464920163154880e-02
9.749565335611502792e-02
1.000674718370040267e-01
8.493091327448686056e-02
7.721320912241935730e-02
6.990128954251607907e-02
5.907588178912798887e-02
5.503974705934524397e-02
5.262252862254778590e-02
4.831899168590704507e-02
4.402629472315311432e-02
4.912032112479210177e-02
5.216822276512781548e-02
4.636078538993994302e-02
4.170851713667313165e-02
4.425463955849408965e-02
4.861823134124278883e-02
4.709878774980703897e-02
4.447387835631767816e-02
4.258694474895795279e-02
4.391009919345378876e-02
7.136156534155209397e-02
9.020079833765824728e-02
7.332859958211580820e-02
7.363449024657407749e-02
8.563934999207654941e-02
7.696779556572437564e-02
8.199596020082632053e-02
7.558603063225746710e-02
6.665005795657634458e-02
8.118261508643627444e-02
7.615501595040162497e-02
6.841163858771323603e-02
6.910609640181064606e-02
7.613689725597699853e-02
7.058131458858649121e-02
8.330511599779129306e-02
4.591782153894504170e-01
4.951734135548273574e-01
3.343434785803159337e-01
2.415423000852267021e-01
2.087142745653788323e-01
1.952112709482510811e-01
1.785214046637217111e-01
1.451725661754608154e-01
1.276326323548952757e-01
1.185352851947148595e-01
1.027387627710898699e-01
9.444474180539448593e-02
8.601930228372414722e-02
8.624219074845314303e-02
8.505245173970858719e-02
7.800750670333703174e-02
7.653056085109710693e-02
7.299469336867332736e-02
1.032043956220149994e-01
8.585186352332432880e-02
8.049334014455476749e-02
7.074626944959164221e-02
6.232644344369570738e-02
5.897743888199329099e-02
5.954845237235228267e-02
5.707152212659517831e-02
5.398711996773878502e-02
5.965755153447389880e-02
5.232601656268040524e-02
4.632544318834940639e-02
4.443103279918432513e-02
4.894077802697817392e-02
4.681002050638198575e-02
4.257136645416418480e-02
4.722170643508434573e-02
4.700403766085704121e-02
4.078396428376436511e-02
3.962139834960301532e-02
4.004345598320166455e-02
4.112226814031601230e-02
3.453956370552380833e-02
3.679376964767774177e-02
3.412260630478461398e-02
3.323159155746301108e-02
3.160683394720156802e-02
3.558361337830622667e-02
5.217438464363415712e-02
4.538740689555804259e-02
4.443266075104475299e-02
4.096847195178270062e-02
3.724380464603503638e-02
3.146243610729773654e-02
3.370945242544014925e-02
3.162242372830708498e-02
2.760743511219819479e-02
3.075652333597342011e-02
2.878287322819233010e-02
4.142050519585609158e-02
4.185606117049853192e-02
5.381664087375005040e-02
6.985113341361284811e-02
6.979010005791981552e-02
6.583934252460797720e-02
5.931776501238346377e-02
6.162873965998490883e-02
4.959974164764086729e-02
5.619915798306465010e-02
5.377250121285517825e-02
5.518874687453111105e-02
4.934358932077884813e-02
5.771846796075503355e-02
4.857333190739154816e-02
5.292676420261462761e-02
6.161024197936058183e-02
6.422017167011896677e-02
5.333387504021326608e-02
5.284254873792330193e-02
4.444498972346385551e-02
7.525261652966340475e-02
6.048145542542139597e-02
7.171922052899996902e-02
7.009141780436038693e-02
7.629693907996018543e-02
7.205874634285767966e-02
7.250440878172716153e-02
6.610662067929903851e-02
7.750893297294775275e-02
1.215536276499430274e-01
9.636779402693113061e-02
6.890858660141627179e-02
5.828336514532565793e-02
5.101324425389369005e-02
5.008912539730469432e-02
4.424293705572684282e-02
4.361408905436595096e-02
4.104035378744205070e-02
4.083865632613500191e-02
3.975853584706783017e-02
4.064710636933644566e-02
3.616730378319819861e-02
2.876834335426489350e-02
3.163612894713878354e-02
3.077237643301487108e-02
4.403018578886985779e-02
3.376435935497283658e-02
3.223097324371337891e-02
3.694990392153461867e-02
4.721769876778125763e-02
4.024297973761956082e-02
3.309227271626392908e-02
3.070053430274128844e-02
2.557788013170162952e-02
2.728454582393169403e-02
2.520024857173363414e-02
3.205353866020838743e-02
3.095705360174179008e-02
3.006379126260677950e-02
5.346896151701609201e-02
5.968200620263815204e-02
6.739882193505764008e-02
6.343835679193338128e-02
6.724687653283277500e-02
6.043448771039645201e-02
5.317822204281886372e-02
3.479485213756561279e-02
3.259568102657794952e-02
3.397284336388110837e-02
2.830071654170751572e-02
2.662573400884866645e-02
2.678723068286975248e-02
2.730759941041469713e-02
3.256960970660050664e-02
2.732099151859680719e-02
2.583735662822922094e-02
2.857411925991376264e-02
3.438699537267287526e-02
4.219797439873218536e-02
4.954707541813452992e-02
4.441599672039350105e-02
4.330692918350299153e-02
9.241887237876653116e-02
1.393647029995918329e-01
1.045518425603707696e-01
1.164455634852250426e-01
1.004128618786732374e-01
7.960653826594352167e-02
6.494127499560514716e-02
6.495894740025202896e-02
7.705372832715511044e-02
6.583088959256808148e-02
5.146561165650685721e-02
4.387085686127344814e-02
3.903927113860845843e-02
3.544534357885519710e-02
3.789920831720034605e-02
3.289240964998801225e-02
2.965633341421683791e-02
3.117718951155741894e-02
2.969522305453816888e-02
2.414201935753226141e-02
2.311387664328018801e-02
2.622969128812352793e-02
2.457055017972985950e-02
2.764617232605814934e-02
2.323587651674946172e-02
2.348923801134029932e-02
1.971061614652474744e-02
1.889985495557387762e-02
2.019144650548696657e-02
1.883866619318723748e-02
1.799985921631256855e-02
1.621734999741116998e-02
1.696183967093626774e-02
1.752846796686450756e-02
1.661828078019122329e-02
1.803887017692128863e-02
1.753202015534043381e-02
1.795927137136459420e-02
2.138046824062863824e-02
2.502031152447064741e-02
2.018653297175963812e-02
1.985012001047531741e-02
1.831413162872195383e-02
2.067835393051306245e-02
1.622310979291796684e-02
2.314767893403768539e-02
2.533218674361705641e-02
3.474040447423855371e-02
3.134695899983246797e-02
2.762685054913163046e-02
2.486190060153603554e-02
2.686005976671973841e-02
2.899858352417747018e-02
3.299848400056362013e-02
4.425230671962102069e-02
4.706329523275296078e-02
8.747940212488174161e-02
8.592042662203311365e-02
6.477339938282966614e-02
5.511392901341120171e-02
5.597218908369541029e-02
4.318605903536081037e-02
3.448772436628739363e-02
1.170611297090848324e-01
1.208994088073571532e-01
8.863910374542077752e-02
7.542490921914576929e-02
5.798105858266353746e-02
4.756444276620944156e-02
4.212502731631199288e-02
4.027562929938236641e-02
3.424828077356020795e-02
2.909096727768580026e-02
2.646459688742955688e-02
2.893879090746243748e-02
2.646545292809605529e-02
2.591713347161809719e-02
2.000732601930697852e-02
2.044958214585979733e-02
1.880132229998707910e-02
1.727969669736921857e-02
1.832849442337950233e-02
1.582358833402395387e-02
1.617583101615309785e-02
1.695915277426441464e-02
2.148808361962437768e-02
2.286305663486321721e-02
2.316882781063516958e-02
3.214958049356937686e-02
4.456787602975964546e-02
3.643603101372718672e-02
3.065831701581676894e-02
2.813220300401250359e-02
2.079459698870778084e-02
1.904375745604435649e-02
1.900258303309480465e-02
1.850574659183621545e-02
1.957373451441526274e-02
2.139717101429899557e-02
2.884115266303221431e-02
3.764452493439118114e-02
2.923216987401246886e-02
3.365399527053038187e-02
3.191801092276970453e-02
3.919497194389501976e-02
5.441698686530192786e-02
5.082196090370416641e-02
5.203980840742587766e-02
4.095797923703988624e-02
3.403315587590138164e-02
2.847755479936798367e-02
2.235099781925479687e-02
1.739933450395862377e-02
2.087152137731512411e-02
2.633892102167010446e-02
2.515987905984123571e-02
2.446285858750343184e-02
3.716496589283148355e-02
4.504156429320573668e-02
3.157666757081945691e-02
3.129382946838935031e-02
2.510095583274960657e-02
2.982858049993713720e-02
2.761530531570315430e-02
2.152082147076726099e-02
2.034569298848509789e-02
1.703855774054924624e-02
1.643034952382246491e-02
1.270845218872030530e-02
1.230830668161312681e-02
1.122476756572723423e-02
1.332282250126202820e-02
1.633944457086423940e-02
1.175523951339224951e-02
1.246553106854359286e-02
1.141831814311444759e-02
1.618837771626810071e-02
3.563198288902640065e-02
2.582746081054210774e-01
2.648931076129277806e-01
1.996205866336822621e-01
1.654886891444524166e-01
1.250995588799317659e-01
1.031262711932261766e-01
7.501563280820847113e-02
6.411449940254290714e-02
5.750784501433372359e-02
4.447179349760214256e-02
3.434880406906207218e-02
3.382745683193207065e-02
3.507399316877126555e-02
2.945424516995747907e-02
2.504718462005257537e-02
2.399046756327152113e-02
2.085732466851671421e-02
1.912103649228811403e-02
1.864512309742470675e-02
1.785531851152578897e-02
1.558295659100015877e-02
1.520285264899333237e-02
1.542271998090048550e-02
1.518824783464272840e-02
1.450831460145612581e-02
1.578626930713653703e-02
1.368947657756507466e-02
1.189921200275421108e-02
1.406184850881497111e-02
1.368712262871364833e-02
1.131324935704469681e-02
1.111011582737167665e-02
1.009291424416005646e-02
1.054087916078666823e-02
1.217868522120018823e-02
1.786530033374826229e-02
1.476838287586967197e-02
3.247289874901373996e-02
3.356839797149101939e-02
3.315618137518564629e-02
3.112798159321149283e-02
2.357348240911960602e-02
2.955685180301467416e-02
2.116928289954861028e-02
2.244523589809735778e-02
2.418736709902684009e-02
3.260524036983648843e-02
3.282646695151925087e-02
3.441714060803254677e-02
2.819306390980879512e-02
2.606429057195782523e-02
2.549342227478822165e-02
2.009377516806125710e-02
1.987106002246340208e-02
1.821913501868645258e-02
2.348168796549240586e-02
5.698524365822474347e-02
5.503519910077254301e-02
4.171847539643446651e-02
3.268533824011683742e-02
3.481108254442612238e-02
3.156466763466596326e-02
2.666339172671238628e-02
2.037396936987837318e-02
1.655307911957303729e-02
2.921995554740230289e-02
2.708179823433359487e-02
2.067641094326972892e-02
2.178181341538826601e-02
2.322353990748524805e-02
2.287879154706994739e-02
1.801785533316433568e-02
1.794199335078398502e-02
1.669396224121252534e-02
1.481201119410494906e-02
1.339206056048472711e-02
1.045066799658040183e-02
9.498115023598074566e-03
9.607822843827306877e-03
7.948777397784094478e-03
7.378262684990962404e-03
7.743024112035830527e-03
6.983991914118329800e-03
6.239695055410265749e-03
6.705523220201333422e-03
6.111590463357667417e-03
4.689729966533680468e-03
4.177462938241660421e-03
5.126604173953334259e-03
4.709178023040294994e-03
3.759485366754233664e-03
3.353514805591354623e-03
4.394241565993676525e-03
4.364529465480397087e-03
2.989497842888037393e-03
4.140231024939567198e-03
3.876878437586128625e-03
2.803623916891713908e-03
2.687486439632872856e-03
3.701133215023825682e-03
3.688971981561432485e-03
2.472630798971901193e-03
3.561963936469207323e-03
3.463775753819694266e-03
2.385922082855055672e-03
2.150577430923779603e-03
3.275973272199431997e-03
3.301831722880403403e-03
2.139594968563566461e-03
3.175885009113699198e-03
3.140557852263252143e-03
2.032475146309783032e-03
1.894948418096949671e-03
3.015893790870904749e-03
2.990989418079455491e-03
1.907618844415992455e-03
2.941962447948753834e-03
2.890361003422488567e-03
1.790678361430764198e-03
1.704915492640187314e-03
2.802077607096483368e-03
2.740189371009667512e-03
1.686477536956469117e-03
2.685996765891711120e-03
2.717282737527663625e-03
1.606881405071665771e-03
1.518379803746938619e-03
2.593345478332291249e-03
2.592523772424707752e-03
1.513118836252639763e-03
2.509061545909692815e-03
2.569821282910804069e-03
1.430833370735247901e-03
1.378875188917542526e-03
2.475772072405864940e-03
2.430462990499412078e-03
1.354205573443323461e-03
2.386571127378071290e-03
2.349768491694703525e-03
1.326791338700180223e-03
1.290905737550929145e-03
2.408777743888397896e-03
2.275590526793773178e-03
1.273484854027628855e-03
1.185292597316826325e-03
2.272270569422592690e-03
2.275702157445872852e-03
1.170141199448456425e-03
2.263867249712348158e-03
2.191989851417019877e-03
1.149721577530726834e-03
1.084991078823804899e-03
2.156544234215592489e-03
2.135711529990658337e-03
1.054258741593609196e-03
2.104074913465107423e-03
2.050211325210208723e-03
1.036759510558719379e-03
9.521288777856776967e-04
2.050321258138865232e-03
2.031123106523106438e-03
9.672020348565032229e-04
2.017378770203019211e-03
1.978735084412619385e-03
9.222519021326055057e-04
8.746400262073923638e-04
1.960392337059602055e-03
1.920321909710764842e-03
8.775059715844691233e-04
1.928236987441778140e-03
1.889560858641440699e-03
8.333977214836826288e-04
7.990797089102367849e-04
8.688633607234805267e-02
8.407011787096659861e-01
5.602161755164464241e-01
4.164958993593851910e-01
3.199308062593141933e-01
2.847709864377975242e-01
2.464008261760075869e-01
2.143955002228419005e-01
1.940254077315330394e-01
1.814380288124084473e-01
1.627341819306214743e-01
1.446137013534704863e-01
1.258652714391549354e-01
1.311288615067799923e-01
1.239912046740452439e-01
1.077530205249786349e-01
9.500164662798245285e-02
9.284026362001895905e-02
8.674090902010599125e-02
8.205662270387013846e-02
9.279394447803497592e-02
8.132135023673375818e-02
7.497460817297299518e-02
7.458381739755472195e-02
6.675299083193143856e-02
6.706460621207951944e-02
6.164513801534970278e-02
6.000765375792980333e-02
5.635435382525125908e-02
5.067444158097108436e-02
4.941280732552210536e-02
4.812079792221387459e-02
4.904212237646182054e-02
4.372582193464040479e-02
4.045599742482106076e-02
4.258761679132779671e-02
3.926507650564114299e-02
3.789970129728317122e-02
5.138520970940589627e-02
5.586097761988639832e-02
5.380391813814640323e-02
5.792014275987943106e-02
7.264695254464943741e-02
6.899265771110853207e-02
5.358457528054714342e-02
5.035040962199369835e-02
4.846850913017988066e-02
4.014100978771845823e-02
3.726875409483909607e-02
5.016068102171023640e-02
4.792933147400617322e-02
5.098701485743125511e-02
5.462513267993927141e-02
5.905448899914821081e-02
8.084718411167463037e-02
7.074511845906575336e-02
5.395229955514271869e-02
5.156221215923627310e-02
4.874925129115581512e-02
3.991462538639704155e-02
3.786073550581932345e-02
3.027279702946543763e-02
2.785423099994659493e-02
2.744320556521415849e-02
2.766338583702842441e-02
2.180520147085189889e-02
2.312008962035179069e-02
2.942450515305002415e-02
2.470671568686763284e-02
2.120588179677724769e-02
2.215197021141648154e-02
2.831191743413607326e-02
3.062115398546060019e-02
2.795990016311407020e-02
2.931370555112759388e-02
2.512644125769535747e-02
1.912129232659936021e-02
1.753952090318004406e-02
1.852216317007938928e-02
1.859274028489987102e-02
1.757034963617722101e-02
2.054966495682795935e-02
1.949910549446940561e-02
1.935178035249312742e-02
1.656566370899478433e-02
1.756173617516954694e-02
1.670669425899783817e-02
1.423258826447029897e-02
1.506471540778875351e-02
1.558529579391082151e-02
1.657104954744378564e-02
1.948121472572287086e-02
2.276523125668366773e-02
1.776809354002277172e-02
1.658201484630505290e-02
1.721209237972895142e-02
2.424813496569792545e-02
2.970655852307875835e-02
3.718681639681260115e-02
4.877225129554669386e-02
6.817211055507262085e-02
6.908237549165884006e-02
6.728119514882564822e-02
7.581980216006438400e-02
6.572936028242111484e-02
7.942318208515644629e-02
8.196535035967826566e-02
8.947705936928590509e-02
1.150634584327538817e-01
9.745318355659643439e-02
5.943086283902327543e-02
5.583536246170599932e-02
8.197557255625724515e-02
5.273105800151824812e-02
3.802670675019423352e-02
3.676112138976653232e-02
3.002764377743005753e-02
2.832292504608631065e-02
2.238785326480865340e-02
2.164923318972190175e-02
2.075148740162452085e-02
1.973665595675508019e-02
1.872689789161086082e-02
2.116198427975177904e-02
2.017566580325364997e-02
1.554039344191551243e-02
1.371489417118330716e-02
1.403854765618840934e-02
1.305105950062473638e-02
1.296983514912426402e-02
1.328117608403166054e-02
1.376007894674937011e-02
1.347884920736153874e-02
1.032268763519823482e-02
1.173029085621237790e-02
1.084184584518273729e-02
9.606879313165943290e-03
8.570701784143845356e-03
8.780174376443027756e-03
9.390687492365637837e-03
7.897740105787913467e-03
1.225233958102762630e-02
1.630900294209519999e-02
1.708990358747541904e-02
1.876052478328347345e-02
2.559312507510185311e-02
2.962935743853449891e-02
3.000441162536541737e-02
4.381472573926051273e-02
2.991139004006981850e-02
2.487238651762406147e-02
2.709299381822347780e-02
2.683925492068131927e-02
2.635502830768625057e-02
1.898766253143548827e-02
2.302650610605875767e-02
2.012531990185379913e-02
1.553254220634698798e-02
2.477150509754816668e-02
1.242013449470202174e-01
1.050601945569117901e-01
8.098594223459561203e-02
7.077527306973933896e-02
7.309551909565925598e-02
5.382206669698159224e-02
4.196402430534362793e-02
4.015385111172994209e-02
3.992726548264424052e-02
3.557188777873913216e-02
3.261294936140378409e-02
3.031353351349631853e-02
2.590303809071580615e-02
2.282639266923069954e-02
1.801045136526226859e-02
1.673411515851815426e-02
1.355533067447443722e-02
1.319140835354725566e-02
1.881751832552254131e-02
2.431581296647588458e-02
8.629995125035444525e-02
8.047907693932453144e-02
6.324293265740076053e-02
5.197038284192482399e-02
3.718526841451724047e-02
3.306354538848002567e-02
3.049540293092528956e-02
3.841698250422875133e-02
3.761278198411067281e-02
2.629003636538982530e-02
1.793821817263960977e-02
1.522492865721384626e-02
1.589216254651546617e-02
1.325825951062142849e-02
1.230098290058473723e-02
1.585550491387645311e-02
1.309669882369538137e-02
1.147726946510374546e-02
1.010348115426798650e-02
1.003416228728989772e-02
9.072006121277809490e-03
7.552837091498077089e-03
8.120453575005133484e-03
7.999217075606187416e-03
6.392644004275401491e-03
5.227123270742595196e-03
6.251293250049153906e-03
5.901751535323758631e-03
4.652844672091305082e-03
5.631974572315812458e-03
5.412287039992709665e-03
3.920452723590036465e-03
3.738130085791150758e-03
5.060438066720962524e-03
4.550770809873938734e-03
3.443693633501728347e-03
4.432444297708571131e-03
4.476889812697966604e-03
3.123932246429224954e-03
3.008260500306884477e-03
4.094291594810783863e-03
4.002951737493276770e-03
2.803249012989302621e-03
2.367519080095614042e-02
1.566217802464962006e-01
1.690767869353294317e-01
1.242682032287120847e-01
1.034228074053923224e-01
9.872391062478223789e-02
8.583474221328894760e-02
8.844844202200571881e-02
7.177573603888352805e-02
5.934619307518005510e-02
5.049103926867246767e-02
4.782387930899858336e-02
5.467497675369183130e-02
4.668981979290644235e-02
4.378093630075454573e-02
3.495072691390911646e-02
3.374730615566174513e-02
2.825591020906964915e-02
2.888160673901438852e-02
2.177834849183758054e-02
1.960710994899272919e-02
1.660691532306373189e-02
1.607279799257715566e-02
1.430361419916153023e-02
1.249399036169052124e-02
1.218246974361439534e-02
1.133823289225498882e-02
8.988037084539731922e-03
7.417463433618346966e-03
8.229613009219368530e-03
8.856170841803153240e-03
7.279129171123107506e-03
7.316933618858456959e-03
7.487811598305900949e-03
6.200107528517643553e-03
5.501091728607813459e-03
6.401503412052989180e-03
5.985098246795435978e-03
4.884341886887948007e-03
5.420106913273533243e-03
5.213135597296058785e-03
3.856044254886607358e-03
3.476967072735230244e-03
4.749573891361554868e-03
4.427002711842457569e-03
3.402174978206555251e-03
4.240395245142280709e-03
4.321806373385092027e-03
3.040482162032276219e-03
2.811532281339168375e-03
3.991735920620461536e-03
3.898968233261257584e-03
2.783773571718483990e-03
3.646815184038132256e-03
3.742912190500646656e-03
2.535641841435184052e-03
2.359253381534169233e-03
3.560078248847276059e-03
3.406381614816685402e-03
2.329630567692220124e-03
3.256226897550125888e-03
3.323319259410103133e-03
2.223261659188817060e-03
2.076236189653476050e-03
3.247419310112794038e-03
3.025516297202557499e-03
2.040841892206420559e-03
1.898997913425167459e-03
3.061490548619379571e-03
2.998754983612646804e-03
1.832562176665911971e-03
3.020222776103764946e-03
2.812282500478128708e-03
1.786383749761929086e-03
1.701311216068764499e-03
2.813727567748476946e-03
2.745984304541101029e-03
1.619385551506032561e-03
2.719584119040518912e-03
2.660883447000135862e-03
1.585019620445867437e-03
1.500703891118367614e-03
2.626901019054154584e-03
2.540887442107001969e-03
1.477695124534269188e-03
2.500170671070615653e-03
2.491876770121355649e-03
1.402688600743810408e-03
1.321741546659419963e-03
2.465254427321876291e-03
2.358642715262248939e-03
1.346073811873793602e-03
2.391700954952587568e-03
2.332734704638521079e-03
1.249976343630502607e-03
1.197340007638558702e-03
2.328507862209032095e-03
2.209502704984818693e-03
1.198087036997700717e-03
2.240746349950010433e-03
2.214638912118971174e-03
1.116456124388302438e-03
1.083277185292293556e-03
2.174207302353655183e-03
2.119604725157841953e-03
1.080164631518224861e-03
2.123516347880164985e-03
2.112877118634060025e-03
1.020150509430095597e-03
9.768739633727817860e-04
2.090917263800899390e-03
